34 -1.5000 0.0000 2.6000 0.0000 0.0000 0.0000 1.0000 1.0000 1.0000
34 -1.5000 0.0000 4.5000 0.0000 0.0000 0.0000 1.0000 1.0000 1.0000
34 0.4000 0.0000 4.5000 0.0000 0.0000 0.0000 1.0000 1.0000 1.0000
34 0.4000 0.0000 2.6000 0.0000 0.0000 0.0000 1.0000 1.0000 1.0000
34 2.3000 0.0000 2.6000 0.0000 0.0000 0.0000 1.0000 1.0000 1.0000
34 2.3000 0.0000 4.5000 0.0000 0.0000 0.0000 1.0000 1.0000 1.0000
34 4.2000 0.0000 4.5000 0.0000 0.0000 0.0000 1.0000 1.0000 1.0000
34 4.2000 0.0000 2.6000 0.0000 0.0000 0.0000 1.0000 1.0000 1.0000
34 6.1000 0.0000 4.5000 0.0000 0.0000 0.0000 1.0000 1.0000 1.0000
34 6.1000 0.0000 2.6000 0.0000 0.0000 0.0000 1.0000 1.0000 1.0000
34 8.0000 0.0000 4.5000 0.0000 0.0000 0.0000 1.0000 1.0000 1.0000
34 8.0000 0.0000 2.6000 0.0000 0.0000 0.0000 1.0000 1.0000 1.0000
34 9.9000 0.0000 2.6000 0.0000 0.0000 0.0000 1.0000 1.0000 1.0000
34 9.9000 0.0000 4.5000 0.0000 0.0000 0.0000 1.0000 1.0000 1.0000
34 11.8000 0.0000 2.6000 0.0000 0.0000 0.0000 1.0000 1.0000 1.0000
34 13.7000 0.0000 2.6000 0.0000 0.0000 0.0000 1.0000 1.0000 1.0000
34 15.6000 0.0000 2.6000 0.0000 0.0000 0.0000 1.0000 1.0000 1.0000
34 17.5000 0.0000 2.6000 0.0000 0.0000 0.0000 1.0000 1.0000 1.0000
34 11.8000 0.0000 4.5000 0.0000 0.0000 0.0000 1.0000 1.0000 1.0000
34 13.7000 0.0000 4.5000 0.0000 0.0000 0.0000 1.0000 1.0000 1.0000
34 15.6000 0.0000 4.5000 0.0000 0.0000 0.0000 1.0000 1.0000 1.0000
34 17.5000 0.0000 4.5000 0.0000 0.0000 0.0000 1.0000 1.0000 1.0000
34 -1.5000 0.0000 0.7000 0.0000 0.0000 0.0000 1.0000 1.0000 1.0000
34 0.4000 0.0000 0.7000 0.0000 0.0000 0.0000 1.0000 1.0000 1.0000
34 2.3000 0.0000 0.7000 0.0000 0.0000 0.0000 1.0000 1.0000 1.0000
34 4.2000 0.0000 0.7000 0.0000 0.0000 0.0000 1.0000 1.0000 1.0000
34 6.1000 0.0000 0.7000 0.0000 0.0000 0.0000 1.0000 1.0000 1.0000
34 8.0000 0.0000 0.7000 0.0000 0.0000 0.0000 1.0000 1.0000 1.0000
34 9.9000 0.0000 0.7000 0.0000 0.0000 0.0000 1.0000 1.0000 1.0000
34 11.8000 0.0000 0.7000 0.0000 0.0000 0.0000 1.0000 1.0000 1.0000
34 13.7000 0.0000 0.7000 0.0000 0.0000 0.0000 1.0000 1.0000 1.0000
34 17.5000 0.0000 0.7000 0.0000 0.0000 0.0000 1.0000 1.0000 1.0000
34 15.6000 0.0000 0.7000 0.0000 0.0000 0.0000 1.0000 1.0000 1.0000
85 -2.2703 2.0000 0.0610 0.0000 0.0000 0.0000 1.0000 1.0000 1.0000
85 -1.7703 2.0000 0.0610 0.0000 0.0000 0.0000 1.0000 1.0000 1.0000
85 -1.2703 2.0000 0.0610 0.0000 0.0000 0.0000 1.0000 1.0000 1.0000
85 -0.7703 2.0000 0.0610 0.0000 0.0000 0.0000 1.0000 1.0000 1.0000
85 -0.2703 2.0000 0.0610 0.0000 0.0000 0.0000 1.0000 1.0000 1.0000
85 0.2297 2.0000 0.0610 0.0000 0.0000 0.0000 1.0000 1.0000 1.0000
85 0.7297 2.0000 0.0610 0.0000 0.0000 0.0000 1.0000 1.0000 1.0000
85 1.2297 2.0000 0.0610 0.0000 0.0000 0.0000 1.0000 1.0000 1.0000
85 1.7297 2.0000 0.0610 0.0000 0.0000 0.0000 1.0000 1.0000 1.0000
85 2.2297 2.0000 0.0610 0.0000 0.0000 0.0000 1.0000 1.0000 1.0000
85 2.7297 2.0000 0.0610 0.0000 0.0000 0.0000 1.0000 1.0000 1.0000
85 3.2297 2.0000 0.0610 0.0000 0.0000 0.0000 1.0000 1.0000 1.0000
85 3.7297 2.0000 0.0610 0.0000 0.0000 0.0000 1.0000 1.0000 1.0000
85 4.2297 2.0000 0.0610 0.0000 0.0000 0.0000 1.0000 1.0000 1.0000
85 4.7297 2.0000 0.0610 0.0000 0.0000 0.0000 1.0000 1.0000 1.0000
85 5.2297 2.0000 0.0610 0.0000 0.0000 0.0000 1.0000 1.0000 1.0000
85 5.7297 2.0000 0.0610 0.0000 0.0000 0.0000 1.0000 1.0000 1.0000
85 6.2297 2.0000 0.0610 0.0000 0.0000 0.0000 1.0000 1.0000 1.0000
85 6.7297 2.0000 0.0610 0.0000 0.0000 0.0000 1.0000 1.0000 1.0000
85 7.2297 2.0000 0.0610 0.0000 0.0000 0.0000 1.0000 1.0000 1.0000
85 7.7297 2.0000 0.0610 0.0000 0.0000 0.0000 1.0000 1.0000 1.0000
85 8.2297 2.0000 0.0610 0.0000 0.0000 0.0000 1.0000 1.0000 1.0000
85 8.7297 2.0000 0.0610 0.0000 0.0000 0.0000 1.0000 1.0000 1.0000
85 9.2297 2.0000 0.0610 0.0000 0.0000 0.0000 1.0000 1.0000 1.0000
85 9.7297 2.0000 0.0610 0.0000 0.0000 0.0000 1.0000 1.0000 1.0000
85 10.2297 2.0000 0.0610 0.0000 0.0000 0.0000 1.0000 1.0000 1.0000
85 10.7297 2.0000 0.0610 0.0000 0.0000 0.0000 1.0000 1.0000 1.0000
85 11.2297 2.0000 0.0610 0.0000 0.0000 0.0000 1.0000 1.0000 1.0000
85 11.7297 2.0000 0.0610 0.0000 0.0000 0.0000 1.0000 1.0000 1.0000
85 12.2297 2.0000 0.0610 0.0000 0.0000 0.0000 1.0000 1.0000 1.0000
85 12.7297 2.0000 0.0610 0.0000 0.0000 0.0000 1.0000 1.0000 1.0000
85 13.2297 2.0000 0.0610 0.0000 0.0000 0.0000 1.0000 1.0000 1.0000
85 13.7297 2.0000 0.0610 0.0000 0.0000 0.0000 1.0000 1.0000 1.0000
85 14.2297 2.0000 0.0610 0.0000 0.0000 0.0000 1.0000 1.0000 1.0000
85 14.7297 2.0000 0.0610 0.0000 0.0000 0.0000 1.0000 1.0000 1.0000
85 15.2297 2.0000 0.0610 0.0000 0.0000 0.0000 1.0000 1.0000 1.0000
85 15.7297 2.0000 0.0610 0.0000 0.0000 0.0000 1.0000 1.0000 1.0000
85 16.2297 2.0000 0.0610 0.0000 0.0000 0.0000 1.0000 1.0000 1.0000
85 16.7297 2.0000 0.0610 0.0000 0.0000 0.0000 1.0000 1.0000 1.0000
85 17.2297 2.0000 0.0610 0.0000 0.0000 0.0000 1.0000 1.0000 1.0000
85 17.7297 2.0000 0.0610 0.0000 0.0000 0.0000 1.0000 1.0000 1.0000
85 18.2297 2.0000 0.0610 0.0000 0.0000 0.0000 1.0000 1.0000 1.0000
85 -2.2703 2.5000 0.0610 0.0000 0.0000 0.0000 1.0000 1.0000 1.0000
85 -1.7703 2.5000 0.0610 0.0000 0.0000 0.0000 1.0000 1.0000 1.0000
85 -1.2703 2.5000 0.0610 0.0000 0.0000 0.0000 1.0000 1.0000 1.0000
85 -0.7703 2.5000 0.0610 0.0000 0.0000 0.0000 1.0000 1.0000 1.0000
85 -0.2703 2.5000 0.0610 0.0000 0.0000 0.0000 1.0000 1.0000 1.0000
85 0.2297 2.5000 0.0610 0.0000 0.0000 0.0000 1.0000 1.0000 1.0000
85 0.7297 2.5000 0.0610 0.0000 0.0000 0.0000 1.0000 1.0000 1.0000
85 1.2297 2.5000 0.0610 0.0000 0.0000 0.0000 1.0000 1.0000 1.0000
85 1.7297 2.5000 0.0610 0.0000 0.0000 0.0000 1.0000 1.0000 1.0000
85 2.2297 2.5000 0.0610 0.0000 0.0000 0.0000 1.0000 1.0000 1.0000
85 2.7297 2.5000 0.0610 0.0000 0.0000 0.0000 1.0000 1.0000 1.0000
85 3.2297 2.5000 0.0610 0.0000 0.0000 0.0000 1.0000 1.0000 1.0000
85 3.7297 2.5000 0.0610 0.0000 0.0000 0.0000 1.0000 1.0000 1.0000
85 4.2297 2.5000 0.0610 0.0000 0.0000 0.0000 1.0000 1.0000 1.0000
85 4.7297 2.5000 0.0610 0.0000 0.0000 0.0000 1.0000 1.0000 1.0000
85 5.2297 2.5000 0.0610 0.0000 0.0000 0.0000 1.0000 1.0000 1.0000
85 5.7297 2.5000 0.0610 0.0000 0.0000 0.0000 1.0000 1.0000 1.0000
85 6.2297 2.5000 0.0610 0.0000 0.0000 0.0000 1.0000 1.0000 1.0000
85 6.7297 2.5000 0.0610 0.0000 0.0000 0.0000 1.0000 1.0000 1.0000
85 7.2297 2.5000 0.0610 0.0000 0.0000 0.0000 1.0000 1.0000 1.0000
85 7.7297 2.5000 0.0610 0.0000 0.0000 0.0000 1.0000 1.0000 1.0000
85 8.2297 2.5000 0.0610 0.0000 0.0000 0.0000 1.0000 1.0000 1.0000
85 8.7297 2.5000 0.0610 0.0000 0.0000 0.0000 1.0000 1.0000 1.0000
85 9.2297 2.5000 0.0610 0.0000 0.0000 0.0000 1.0000 1.0000 1.0000
85 9.7297 2.5000 0.0610 0.0000 0.0000 0.0000 1.0000 1.0000 1.0000
85 10.2297 2.5000 0.0610 0.0000 0.0000 0.0000 1.0000 1.0000 1.0000
85 10.7297 2.5000 0.0610 0.0000 0.0000 0.0000 1.0000 1.0000 1.0000
85 11.2297 2.5000 0.0610 0.0000 0.0000 0.0000 1.0000 1.0000 1.0000
85 11.7297 2.5000 0.0610 0.0000 0.0000 0.0000 1.0000 1.0000 1.0000
85 12.2297 2.5000 0.0610 0.0000 0.0000 0.0000 1.0000 1.0000 1.0000
85 12.7297 2.5000 0.0610 0.0000 0.0000 0.0000 1.0000 1.0000 1.0000
85 13.2297 2.5000 0.0610 0.0000 0.0000 0.0000 1.0000 1.0000 1.0000
85 13.7297 2.5000 0.0610 0.0000 0.0000 0.0000 1.0000 1.0000 1.0000
85 14.2297 2.5000 0.0610 0.0000 0.0000 0.0000 1.0000 1.0000 1.0000
85 14.7297 2.5000 0.0610 0.0000 0.0000 0.0000 1.0000 1.0000 1.0000
85 15.2297 2.5000 0.0610 0.0000 0.0000 0.0000 1.0000 1.0000 1.0000
85 15.7297 2.5000 0.0610 0.0000 0.0000 0.0000 1.0000 1.0000 1.0000
85 16.2297 2.5000 0.0610 0.0000 0.0000 0.0000 1.0000 1.0000 1.0000
85 16.7297 2.5000 0.0610 0.0000 0.0000 0.0000 1.0000 1.0000 1.0000
85 17.2297 2.5000 0.0610 0.0000 0.0000 0.0000 1.0000 1.0000 1.0000
85 17.7297 2.5000 0.0610 0.0000 0.0000 0.0000 1.0000 1.0000 1.0000
85 18.2297 2.5000 0.0610 0.0000 0.0000 0.0000 1.0000 1.0000 1.0000
85 18.2297 3.0000 0.0610 0.0000 0.0000 0.0000 1.0000 1.0000 1.0000
85 17.7297 3.0000 0.0610 0.0000 0.0000 0.0000 1.0000 1.0000 1.0000
85 17.2297 3.0000 0.0610 0.0000 0.0000 0.0000 1.0000 1.0000 1.0000
85 16.7297 3.0000 0.0610 0.0000 0.0000 0.0000 1.0000 1.0000 1.0000
85 16.2297 3.0000 0.0610 0.0000 0.0000 0.0000 1.0000 1.0000 1.0000
85 15.7297 3.0000 0.0610 0.0000 0.0000 0.0000 1.0000 1.0000 1.0000
85 15.2297 3.0000 0.0610 0.0000 0.0000 0.0000 1.0000 1.0000 1.0000
85 14.7297 3.0000 0.0610 0.0000 0.0000 0.0000 1.0000 1.0000 1.0000
85 14.2297 3.0000 0.0610 0.0000 0.0000 0.0000 1.0000 1.0000 1.0000
85 13.7297 3.0000 0.0610 0.0000 0.0000 0.0000 1.0000 1.0000 1.0000
85 13.2297 3.0000 0.0610 0.0000 0.0000 0.0000 1.0000 1.0000 1.0000
85 12.7297 3.0000 0.0610 0.0000 0.0000 0.0000 1.0000 1.0000 1.0000
85 12.2297 3.0000 0.0610 0.0000 0.0000 0.0000 1.0000 1.0000 1.0000
85 11.7297 3.0000 0.0610 0.0000 0.0000 0.0000 1.0000 1.0000 1.0000
85 11.2297 3.0000 0.0610 0.0000 0.0000 0.0000 1.0000 1.0000 1.0000
85 10.7297 3.0000 0.0610 0.0000 0.0000 0.0000 1.0000 1.0000 1.0000
85 10.2297 3.0000 0.0610 0.0000 0.0000 0.0000 1.0000 1.0000 1.0000
85 9.7297 3.0000 0.0610 0.0000 0.0000 0.0000 1.0000 1.0000 1.0000
85 9.2297 3.0000 0.0610 0.0000 0.0000 0.0000 1.0000 1.0000 1.0000
85 8.7297 3.0000 0.0610 0.0000 0.0000 0.0000 1.0000 1.0000 1.0000
85 8.2297 3.0000 0.0610 0.0000 0.0000 0.0000 1.0000 1.0000 1.0000
85 7.7297 3.0000 0.0610 0.0000 0.0000 0.0000 1.0000 1.0000 1.0000
85 7.2297 3.0000 0.0610 0.0000 0.0000 0.0000 1.0000 1.0000 1.0000
85 6.7297 3.0000 0.0610 0.0000 0.0000 0.0000 1.0000 1.0000 1.0000
85 6.2297 3.0000 0.0610 0.0000 0.0000 0.0000 1.0000 1.0000 1.0000
85 5.7297 3.0000 0.0610 0.0000 0.0000 0.0000 1.0000 1.0000 1.0000
85 5.2297 3.0000 0.0610 0.0000 0.0000 0.0000 1.0000 1.0000 1.0000
85 4.7297 3.0000 0.0610 0.0000 0.0000 0.0000 1.0000 1.0000 1.0000
85 4.2297 3.0000 0.0610 0.0000 0.0000 0.0000 1.0000 1.0000 1.0000
85 3.7297 3.0000 0.0610 0.0000 0.0000 0.0000 1.0000 1.0000 1.0000
85 3.2297 3.0000 0.0610 0.0000 0.0000 0.0000 1.0000 1.0000 1.0000
85 2.7297 3.0000 0.0610 0.0000 0.0000 0.0000 1.0000 1.0000 1.0000
85 2.2297 3.0000 0.0610 0.0000 0.0000 0.0000 1.0000 1.0000 1.0000
85 1.7297 3.0000 0.0610 0.0000 0.0000 0.0000 1.0000 1.0000 1.0000
85 1.2297 3.0000 0.0610 0.0000 0.0000 0.0000 1.0000 1.0000 1.0000
85 0.7297 3.0000 0.0610 0.0000 0.0000 0.0000 1.0000 1.0000 1.0000
85 0.2297 3.0000 0.0610 0.0000 0.0000 0.0000 1.0000 1.0000 1.0000
85 -0.2703 3.0000 0.0610 0.0000 0.0000 0.0000 1.0000 1.0000 1.0000
85 -0.7703 3.0000 0.0610 0.0000 0.0000 0.0000 1.0000 1.0000 1.0000
85 -1.2703 3.0000 0.0610 0.0000 0.0000 0.0000 1.0000 1.0000 1.0000
85 -1.7703 3.0000 0.0610 0.0000 0.0000 0.0000 1.0000 1.0000 1.0000
85 -2.2703 3.0000 0.0610 0.0000 0.0000 0.0000 1.0000 1.0000 1.0000
85 -2.2703 3.5000 0.0610 0.0000 0.0000 0.0000 1.0000 1.0000 1.0000
85 -1.7703 3.5000 0.0610 0.0000 0.0000 0.0000 1.0000 1.0000 1.0000
85 -1.2703 3.5000 0.0610 0.0000 0.0000 0.0000 1.0000 1.0000 1.0000
85 -0.7703 3.5000 0.0610 0.0000 0.0000 0.0000 1.0000 1.0000 1.0000
85 -0.2703 3.5000 0.0610 0.0000 0.0000 0.0000 1.0000 1.0000 1.0000
85 0.2297 3.5000 0.0610 0.0000 0.0000 0.0000 1.0000 1.0000 1.0000
85 0.7297 3.5000 0.0610 0.0000 0.0000 0.0000 1.0000 1.0000 1.0000
85 1.2297 3.5000 0.0610 0.0000 0.0000 0.0000 1.0000 1.0000 1.0000
85 1.7297 3.5000 0.0610 0.0000 0.0000 0.0000 1.0000 1.0000 1.0000
85 2.2297 3.5000 0.0610 0.0000 0.0000 0.0000 1.0000 1.0000 1.0000
85 2.7297 3.5000 0.0610 0.0000 0.0000 0.0000 1.0000 1.0000 1.0000
85 3.2297 3.5000 0.0610 0.0000 0.0000 0.0000 1.0000 1.0000 1.0000
85 3.7297 3.5000 0.0610 0.0000 0.0000 0.0000 1.0000 1.0000 1.0000
85 4.2297 3.5000 0.0610 0.0000 0.0000 0.0000 1.0000 1.0000 1.0000
85 4.7297 3.5000 0.0610 0.0000 0.0000 0.0000 1.0000 1.0000 1.0000
85 5.2297 3.5000 0.0610 0.0000 0.0000 0.0000 1.0000 1.0000 1.0000
85 5.7297 3.5000 0.0610 0.0000 0.0000 0.0000 1.0000 1.0000 1.0000
85 6.2297 3.5000 0.0610 0.0000 0.0000 0.0000 1.0000 1.0000 1.0000
85 6.7297 3.5000 0.0610 0.0000 0.0000 0.0000 1.0000 1.0000 1.0000
85 7.2297 3.5000 0.0610 0.0000 0.0000 0.0000 1.0000 1.0000 1.0000
85 7.7297 3.5000 0.0610 0.0000 0.0000 0.0000 1.0000 1.0000 1.0000
85 8.2297 3.5000 0.0610 0.0000 0.0000 0.0000 1.0000 1.0000 1.0000
85 8.7297 3.5000 0.0610 0.0000 0.0000 0.0000 1.0000 1.0000 1.0000
85 9.2297 3.5000 0.0610 0.0000 0.0000 0.0000 1.0000 1.0000 1.0000
85 9.7297 3.5000 0.0610 0.0000 0.0000 0.0000 1.0000 1.0000 1.0000
85 10.2297 3.5000 0.0610 0.0000 0.0000 0.0000 1.0000 1.0000 1.0000
85 10.7297 3.5000 0.0610 0.0000 0.0000 0.0000 1.0000 1.0000 1.0000
85 11.2297 3.5000 0.0610 0.0000 0.0000 0.0000 1.0000 1.0000 1.0000
85 11.7297 3.5000 0.0610 0.0000 0.0000 0.0000 1.0000 1.0000 1.0000
85 12.2297 3.5000 0.0610 0.0000 0.0000 0.0000 1.0000 1.0000 1.0000
85 12.7297 3.5000 0.0610 0.0000 0.0000 0.0000 1.0000 1.0000 1.0000
85 13.2297 3.5000 0.0610 0.0000 0.0000 0.0000 1.0000 1.0000 1.0000
85 13.7297 3.5000 0.0610 0.0000 0.0000 0.0000 1.0000 1.0000 1.0000
85 14.2297 3.5000 0.0610 0.0000 0.0000 0.0000 1.0000 1.0000 1.0000
85 14.7297 3.5000 0.0610 0.0000 0.0000 0.0000 1.0000 1.0000 1.0000
85 15.2297 3.5000 0.0610 0.0000 0.0000 0.0000 1.0000 1.0000 1.0000
85 15.7297 3.5000 0.0610 0.0000 0.0000 0.0000 1.0000 1.0000 1.0000
85 16.2297 3.5000 0.0610 0.0000 0.0000 0.0000 1.0000 1.0000 1.0000
85 16.7297 3.5000 0.0610 0.0000 0.0000 0.0000 1.0000 1.0000 1.0000
85 17.2297 3.5000 0.0610 0.0000 0.0000 0.0000 1.0000 1.0000 1.0000
85 17.7297 3.5000 0.0610 0.0000 0.0000 0.0000 1.0000 1.0000 1.0000
85 18.2297 3.5000 0.0610 0.0000 0.0000 0.0000 1.0000 1.0000 1.0000
85 18.2297 4.0000 0.0610 0.0000 0.0000 0.0000 1.0000 1.0000 1.0000
85 17.7297 4.0000 0.0610 0.0000 0.0000 0.0000 1.0000 1.0000 1.0000
85 17.2297 4.0000 0.0610 0.0000 0.0000 0.0000 1.0000 1.0000 1.0000
85 16.7297 4.0000 0.0610 0.0000 0.0000 0.0000 1.0000 1.0000 1.0000
85 16.2297 4.0000 0.0610 0.0000 0.0000 0.0000 1.0000 1.0000 1.0000
85 15.7297 4.0000 0.0610 0.0000 0.0000 0.0000 1.0000 1.0000 1.0000
85 15.2297 4.0000 0.0610 0.0000 0.0000 0.0000 1.0000 1.0000 1.0000
85 14.7297 4.0000 0.0610 0.0000 0.0000 0.0000 1.0000 1.0000 1.0000
85 14.2297 4.0000 0.0610 0.0000 0.0000 0.0000 1.0000 1.0000 1.0000
85 13.7297 4.0000 0.0610 0.0000 0.0000 0.0000 1.0000 1.0000 1.0000
85 13.2297 4.0000 0.0610 0.0000 0.0000 0.0000 1.0000 1.0000 1.0000
85 12.7297 4.0000 0.0610 0.0000 0.0000 0.0000 1.0000 1.0000 1.0000
85 12.2297 4.0000 0.0610 0.0000 0.0000 0.0000 1.0000 1.0000 1.0000
85 11.7297 4.0000 0.0610 0.0000 0.0000 0.0000 1.0000 1.0000 1.0000
85 11.2297 4.0000 0.0610 0.0000 0.0000 0.0000 1.0000 1.0000 1.0000
85 10.7297 4.0000 0.0610 0.0000 0.0000 0.0000 1.0000 1.0000 1.0000
85 10.2297 4.0000 0.0610 0.0000 0.0000 0.0000 1.0000 1.0000 1.0000
85 9.7297 4.0000 0.0610 0.0000 0.0000 0.0000 1.0000 1.0000 1.0000
85 9.2297 4.0000 0.0610 0.0000 0.0000 0.0000 1.0000 1.0000 1.0000
85 8.7297 4.0000 0.0610 0.0000 0.0000 0.0000 1.0000 1.0000 1.0000
85 8.2297 4.0000 0.0610 0.0000 0.0000 0.0000 1.0000 1.0000 1.0000
85 7.7297 4.0000 0.0610 0.0000 0.0000 0.0000 1.0000 1.0000 1.0000
85 7.2297 4.0000 0.0610 0.0000 0.0000 0.0000 1.0000 1.0000 1.0000
85 6.7297 4.0000 0.0610 0.0000 0.0000 0.0000 1.0000 1.0000 1.0000
85 6.2297 4.0000 0.0610 0.0000 0.0000 0.0000 1.0000 1.0000 1.0000
85 5.7297 4.0000 0.0610 0.0000 0.0000 0.0000 1.0000 1.0000 1.0000
85 5.2297 4.0000 0.0610 0.0000 0.0000 0.0000 1.0000 1.0000 1.0000
85 4.7297 4.0000 0.0610 0.0000 0.0000 0.0000 1.0000 1.0000 1.0000
85 4.2297 4.0000 0.0610 0.0000 0.0000 0.0000 1.0000 1.0000 1.0000
85 3.7297 4.0000 0.0610 0.0000 0.0000 0.0000 1.0000 1.0000 1.0000
85 3.2297 4.0000 0.0610 0.0000 0.0000 0.0000 1.0000 1.0000 1.0000
85 2.7297 4.0000 0.0610 0.0000 0.0000 0.0000 1.0000 1.0000 1.0000
85 2.2297 4.0000 0.0610 0.0000 0.0000 0.0000 1.0000 1.0000 1.0000
85 1.7297 4.0000 0.0610 0.0000 0.0000 0.0000 1.0000 1.0000 1.0000
85 1.2297 4.0000 0.0610 0.0000 0.0000 0.0000 1.0000 1.0000 1.0000
85 0.7297 4.0000 0.0610 0.0000 0.0000 0.0000 1.0000 1.0000 1.0000
85 0.2297 4.0000 0.0610 0.0000 0.0000 0.0000 1.0000 1.0000 1.0000
85 -0.2703 4.0000 0.0610 0.0000 0.0000 0.0000 1.0000 1.0000 1.0000
85 -0.7703 4.0000 0.0610 0.0000 0.0000 0.0000 1.0000 1.0000 1.0000
85 -1.2703 4.0000 0.0610 0.0000 0.0000 0.0000 1.0000 1.0000 1.0000
85 -1.7703 4.0000 0.0610 0.0000 0.0000 0.0000 1.0000 1.0000 1.0000
85 -2.2703 4.0000 0.0610 0.0000 0.0000 0.0000 1.0000 1.0000 1.0000
85 -2.2703 4.5000 0.0610 0.0000 0.0000 0.0000 1.0000 1.0000 1.0000
85 -1.7703 4.5000 0.0610 0.0000 0.0000 0.0000 1.0000 1.0000 1.0000
85 -1.2703 4.5000 0.0610 0.0000 0.0000 0.0000 1.0000 1.0000 1.0000
85 -0.7703 4.5000 0.0610 0.0000 0.0000 0.0000 1.0000 1.0000 1.0000
85 -0.2703 4.5000 0.0610 0.0000 0.0000 0.0000 1.0000 1.0000 1.0000
85 0.2297 4.5000 0.0610 0.0000 0.0000 0.0000 1.0000 1.0000 1.0000
85 0.7297 4.5000 0.0610 0.0000 0.0000 0.0000 1.0000 1.0000 1.0000
85 1.2297 4.5000 0.0610 0.0000 0.0000 0.0000 1.0000 1.0000 1.0000
85 1.7297 4.5000 0.0610 0.0000 0.0000 0.0000 1.0000 1.0000 1.0000
85 2.2297 4.5000 0.0610 0.0000 0.0000 0.0000 1.0000 1.0000 1.0000
85 2.7297 4.5000 0.0610 0.0000 0.0000 0.0000 1.0000 1.0000 1.0000
85 3.2297 4.5000 0.0610 0.0000 0.0000 0.0000 1.0000 1.0000 1.0000
85 3.7297 4.5000 0.0610 0.0000 0.0000 0.0000 1.0000 1.0000 1.0000
85 4.2297 4.5000 0.0610 0.0000 0.0000 0.0000 1.0000 1.0000 1.0000
85 4.7297 4.5000 0.0610 0.0000 0.0000 0.0000 1.0000 1.0000 1.0000
85 5.2297 4.5000 0.0610 0.0000 0.0000 0.0000 1.0000 1.0000 1.0000
85 5.7297 4.5000 0.0610 0.0000 0.0000 0.0000 1.0000 1.0000 1.0000
85 6.2297 4.5000 0.0610 0.0000 0.0000 0.0000 1.0000 1.0000 1.0000
85 6.7297 4.5000 0.0610 0.0000 0.0000 0.0000 1.0000 1.0000 1.0000
85 7.2297 4.5000 0.0610 0.0000 0.0000 0.0000 1.0000 1.0000 1.0000
85 7.7297 4.5000 0.0610 0.0000 0.0000 0.0000 1.0000 1.0000 1.0000
85 8.2297 4.5000 0.0610 0.0000 0.0000 0.0000 1.0000 1.0000 1.0000
85 8.7297 4.5000 0.0610 0.0000 0.0000 0.0000 1.0000 1.0000 1.0000
85 9.2297 4.5000 0.0610 0.0000 0.0000 0.0000 1.0000 1.0000 1.0000
85 9.7297 4.5000 0.0610 0.0000 0.0000 0.0000 1.0000 1.0000 1.0000
85 10.2297 4.5000 0.0610 0.0000 0.0000 0.0000 1.0000 1.0000 1.0000
85 10.7297 4.5000 0.0610 0.0000 0.0000 0.0000 1.0000 1.0000 1.0000
85 11.2297 4.5000 0.0610 0.0000 0.0000 0.0000 1.0000 1.0000 1.0000
85 11.7297 4.5000 0.0610 0.0000 0.0000 0.0000 1.0000 1.0000 1.0000
85 12.2297 4.5000 0.0610 0.0000 0.0000 0.0000 1.0000 1.0000 1.0000
85 12.7297 4.5000 0.0610 0.0000 0.0000 0.0000 1.0000 1.0000 1.0000
85 13.2297 4.5000 0.0610 0.0000 0.0000 0.0000 1.0000 1.0000 1.0000
85 13.7297 4.5000 0.0610 0.0000 0.0000 0.0000 1.0000 1.0000 1.0000
85 14.2297 4.5000 0.0610 0.0000 0.0000 0.0000 1.0000 1.0000 1.0000
85 14.7297 4.5000 0.0610 0.0000 0.0000 0.0000 1.0000 1.0000 1.0000
85 15.2297 4.5000 0.0610 0.0000 0.0000 0.0000 1.0000 1.0000 1.0000
85 15.7297 4.5000 0.0610 0.0000 0.0000 0.0000 1.0000 1.0000 1.0000
85 16.2297 4.5000 0.0610 0.0000 0.0000 0.0000 1.0000 1.0000 1.0000
85 16.7297 4.5000 0.0610 0.0000 0.0000 0.0000 1.0000 1.0000 1.0000
85 17.2297 4.5000 0.0610 0.0000 0.0000 0.0000 1.0000 1.0000 1.0000
85 17.7297 4.5000 0.0610 0.0000 0.0000 0.0000 1.0000 1.0000 1.0000
85 18.2297 4.5000 0.0610 0.0000 0.0000 0.0000 1.0000 1.0000 1.0000
98 11.8000 2.0000 2.6000 0.0000 0.0000 0.0000 1.0000 1.0000 1.0000
98 12.3000 2.0000 2.6000 0.0000 0.0000 0.0000 1.0000 1.0000 1.0000
98 12.8000 2.0000 2.6000 0.0000 0.0000 0.0000 1.0000 1.0000 1.0000
98 13.3000 2.0000 2.6000 0.0000 0.0000 0.0000 1.0000 1.0000 1.0000
98 13.8000 2.0000 2.6000 0.0000 0.0000 0.0000 1.0000 1.0000 1.0000
98 13.8000 2.0000 3.1000 0.0000 0.0000 0.0000 1.0000 1.0000 1.0000
98 13.3000 2.0000 3.1000 0.0000 0.0000 0.0000 1.0000 1.0000 1.0000
98 12.8000 2.0000 3.1000 0.0000 0.0000 0.0000 1.0000 1.0000 1.0000
98 12.3000 2.0000 3.1000 0.0000 0.0000 0.0000 1.0000 1.0000 1.0000
98 11.8000 2.0000 3.1000 0.0000 0.0000 0.0000 1.0000 1.0000 1.0000
98 11.8000 2.0000 3.6000 0.0000 0.0000 0.0000 1.0000 1.0000 1.0000
98 12.3000 2.0000 3.6000 0.0000 0.0000 0.0000 1.0000 1.0000 1.0000
98 12.8000 2.0000 3.6000 0.0000 0.0000 0.0000 1.0000 1.0000 1.0000
98 13.3000 2.0000 3.6000 0.0000 0.0000 0.0000 1.0000 1.0000 1.0000
98 13.8000 2.0000 3.6000 0.0000 0.0000 0.0000 1.0000 1.0000 1.0000
98 12.3000 2.5000 3.1000 0.0000 0.0000 0.0000 1.0000 1.0000 1.0000
98 12.8000 2.5000 3.1000 0.0000 0.0000 0.0000 1.0000 1.0000 1.0000
98 13.3000 2.5000 3.1000 0.0000 0.0000 0.0000 1.0000 1.0000 1.0000
98 12.8000 3.0000 3.1000 0.0000 0.0000 0.0000 1.0000 1.0000 1.0000
98 11.8000 2.0000 2.1000 0.0000 0.0000 0.0000 1.0000 1.0000 1.0000
98 12.3000 2.0000 2.1000 0.0000 0.0000 0.0000 1.0000 1.0000 1.0000
98 12.8000 2.0000 2.1000 0.0000 0.0000 0.0000 1.0000 1.0000 1.0000
98 13.3000 2.0000 2.1000 0.0000 0.0000 0.0000 1.0000 1.0000 1.0000
98 13.8000 2.0000 2.1000 0.0000 0.0000 0.0000 1.0000 1.0000 1.0000
98 11.8000 2.0000 4.1000 0.0000 0.0000 0.0000 1.0000 1.0000 1.0000
98 12.3000 2.0000 4.1000 0.0000 0.0000 0.0000 1.0000 1.0000 1.0000
98 12.8000 2.0000 4.1000 0.0000 0.0000 0.0000 1.0000 1.0000 1.0000
98 13.3000 2.0000 4.1000 0.0000 0.0000 0.0000 1.0000 1.0000 1.0000
98 13.8000 2.0000 4.1000 0.0000 0.0000 0.0000 1.0000 1.0000 1.0000
98 12.3000 2.5000 3.6000 0.0000 0.0000 0.0000 1.0000 1.0000 1.0000
98 12.8000 2.5000 3.6000 0.0000 0.0000 0.0000 1.0000 1.0000 1.0000
98 13.3000 2.5000 3.6000 0.0000 0.0000 0.0000 1.0000 1.0000 1.0000
98 12.3000 2.5000 2.6000 0.0000 0.0000 0.0000 1.0000 1.0000 1.0000
98 12.8000 2.5000 2.6000 0.0000 0.0000 0.0000 1.0000 1.0000 1.0000
98 13.3000 2.5000 2.6000 0.0000 0.0000 0.0000 1.0000 1.0000 1.0000
95 11.8000 2.5000 2.1000 0.0000 0.0000 0.0000 1.0000 1.0000 1.0000
95 11.8000 2.5000 2.6000 0.0000 0.0000 0.0000 1.0000 1.0000 1.0000
95 11.8000 2.5000 3.1000 0.0000 0.0000 0.0000 1.0000 1.0000 1.0000
95 11.8000 2.5000 3.6000 0.0000 0.0000 0.0000 1.0000 1.0000 1.0000
95 11.8000 2.5000 4.1000 0.0000 0.0000 0.0000 1.0000 1.0000 1.0000
95 12.3000 2.5000 4.1000 0.0000 0.0000 0.0000 1.0000 1.0000 1.0000
95 12.8000 2.5000 4.1000 0.0000 0.0000 0.0000 1.0000 1.0000 1.0000
95 13.3000 2.5000 4.1000 0.0000 0.0000 0.0000 1.0000 1.0000 1.0000
95 13.8000 2.5000 4.1000 0.0000 0.0000 0.0000 1.0000 1.0000 1.0000
95 13.8000 2.5000 3.6000 0.0000 0.0000 0.0000 1.0000 1.0000 1.0000
95 13.8000 2.5000 3.1000 0.0000 0.0000 0.0000 1.0000 1.0000 1.0000
95 13.8000 2.5000 2.6000 0.0000 0.0000 0.0000 1.0000 1.0000 1.0000
95 13.8000 2.5000 2.1000 0.0000 0.0000 0.0000 1.0000 1.0000 1.0000
95 13.3000 2.5000 2.1000 0.0000 0.0000 0.0000 1.0000 1.0000 1.0000
95 12.8000 2.5000 2.1000 0.0000 0.0000 0.0000 1.0000 1.0000 1.0000
95 12.3000 2.5000 2.1000 0.0000 0.0000 0.0000 1.0000 1.0000 1.0000
119 12.3000 3.0000 3.1000 0.0000 0.0000 0.0000 1.0000 1.0000 1.0000
119 12.8000 3.0000 3.6000 0.0000 0.0000 0.0000 1.0000 1.0000 1.0000
119 13.3000 3.0000 3.1000 0.0000 0.0000 0.0000 1.0000 1.0000 1.0000
119 12.8000 3.0000 2.6000 0.0000 0.0000 0.0000 1.0000 1.0000 1.0000
117 17.6951 2.0000 4.7328 0.0000 22.3718 0.0000 1.0000 1.0000 1.0000
117 17.0279 2.0000 4.7020 0.0000 45.6187 0.0000 1.0000 1.0000 1.0000
117 17.4823 2.0000 4.1164 0.0000 83.4992 0.0000 1.0000 1.0000 1.0000
117 7.3540 2.0000 0.7679 0.0000 0.0000 0.0000 1.0000 1.0000 1.0000
117 7.7027 2.0000 1.2188 0.0000 114.3310 0.0000 1.0000 1.0000 1.0000
117 7.9482 2.0000 0.6031 0.0000 45.0951 0.0000 1.0000 1.0000 1.0000
116 2.6434 2.0000 4.9547 0.0000 0.0000 0.0000 1.0000 1.0000 1.0000
116 1.9039 2.0000 4.9455 0.0000 -445.6222 0.0000 1.0000 1.0000 1.0000
116 17.2456 2.0000 1.0230 0.0000 0.0000 0.0000 1.0000 1.0000 1.0000
116 -2.0670 2.0000 0.7287 0.0000 0.0000 0.0000 1.0000 1.0000 1.0000
108 1.6310 2.0000 1.4000 0.0000 0.0000 0.0000 1.0000 1.0000 1.0000
108 2.9467 2.0000 1.4000 0.0000 90.0000 0.0000 1.0000 1.0000 1.0000
105 18.1701 2.0000 2.6209 0.0000 90.0000 0.0000 1.0000 1.0000 1.0000
139 2.2983 2.0000 2.2342 0.0000 0.0000 0.0000 1.0000 1.0000 1.0000
121 -1.8774 2.0000 4.8780 0.0000 0.0000 0.0000 1.0000 1.0000 1.0000
121 17.8434 2.0000 4.9077 0.0000 90.0000 0.0000 1.0000 1.0000 1.0000
99 9.9000 4.7500 2.8500 0.0000 0.0000 0.0000 1.0000 1.0000 1.0000
99 9.9000 4.7500 3.3500 0.0000 0.0000 0.0000 1.0000 1.0000 1.0000
99 9.4000 4.7500 3.3500 0.0000 0.0000 0.0000 1.0000 1.0000 1.0000
99 8.9000 4.7500 3.3500 0.0000 0.0000 0.0000 1.0000 1.0000 1.0000
99 8.4000 4.7500 3.3500 0.0000 0.0000 0.0000 1.0000 1.0000 1.0000
99 7.9000 4.7500 3.3500 0.0000 0.0000 0.0000 1.0000 1.0000 1.0000
99 7.4000 4.7500 3.3500 0.0000 0.0000 0.0000 1.0000 1.0000 1.0000
99 6.9000 4.7500 3.3500 0.0000 0.0000 0.0000 1.0000 1.0000 1.0000
99 6.9000 4.7500 2.8500 0.0000 0.0000 0.0000 1.0000 1.0000 1.0000
99 7.4000 4.7500 2.8500 0.0000 0.0000 0.0000 1.0000 1.0000 1.0000
99 7.9000 4.7500 2.8500 0.0000 0.0000 0.0000 1.0000 1.0000 1.0000
99 8.4000 4.7500 2.8500 0.0000 0.0000 0.0000 1.0000 1.0000 1.0000
99 8.9000 4.7500 2.8500 0.0000 0.0000 0.0000 1.0000 1.0000 1.0000
99 9.4000 4.7500 2.8500 0.0000 0.0000 0.0000 1.0000 1.0000 1.0000
93 1.1639 6.7500 3.0852 0.0000 90.0000 0.0000 1.5500 1.5500 1.5500
143 12.3000 3.0000 2.6000 0.0000 0.0000 0.0000 1.0000 1.0000 1.0000
143 13.3000 3.0000 2.6000 0.0000 0.0000 0.0000 1.0000 1.0000 1.0000
143 12.3000 3.0000 3.6000 0.0000 0.0000 0.0000 1.0000 1.0000 1.0000
143 13.3000 3.0000 3.6000 0.0000 0.0000 0.0000 1.0000 1.0000 1.0000
123 12.7980 3.5985 3.1000 0.0000 0.0000 0.0000 1.0000 1.0000 1.0000
91 6.0926 2.0000 2.5854 0.0000 90.0000 0.0000 1.0000 1.0000 1.0000
90 7.9926 2.0000 2.5854 0.0000 0.0000 0.0000 1.0000 1.0000 1.0000
89 6.0926 2.0000 4.4817 0.0000 -180.0000 0.0000 1.0000 1.0000 1.0000
92 7.9926 2.0000 4.4823 0.0000 -90.0000 0.0000 1.0000 1.0000 1.0000
147 2.2942 2.0000 1.0467 0.0000 0.0000 0.0000 1.4500 1.4500 1.4500
149 3.9313 2.0000 0.7756 0.0000 0.0000 0.0000 1.0000 1.0000 1.0000
149 4.3637 2.0000 1.4444 0.0000 0.0000 0.0000 1.0000 1.0000 1.0000
149 0.7067 2.0000 0.6341 0.0000 0.0000 0.0000 1.0000 1.0000 1.0000
149 -0.2451 2.0000 0.8390 0.0000 0.0000 0.0000 1.0000 1.0000 1.0000
149 0.3822 2.0000 1.3878 0.0000 0.0000 0.0000 1.0000 1.0000 1.0000
148 4.9932 2.0000 0.7177 0.0000 0.0000 0.0000 1.0000 1.0000 1.0000
131 -1.2447 2.0000 4.8486 0.0000 0.0000 0.0000 1.0000 1.0000 1.0000
131 -1.6981 2.0000 4.7248 0.0000 38.0916 0.0000 1.0000 1.0000 1.0000
131 -1.5120 2.0000 4.2464 0.0000 129.3764 0.0000 1.0000 1.0000 1.0000
99 6.4000 4.7500 2.8500 0.0000 0.0000 0.0000 1.0000 1.0000 1.0000
99 5.9000 4.7500 2.8500 0.0000 0.0000 0.0000 1.0000 1.0000 1.0000
99 5.4000 4.7500 2.8500 0.0000 0.0000 0.0000 1.0000 1.0000 1.0000
99 4.9000 4.7500 2.8500 0.0000 0.0000 0.0000 1.0000 1.0000 1.0000
99 4.4000 4.7500 2.8500 0.0000 0.0000 0.0000 1.0000 1.0000 1.0000
99 3.9000 4.7500 2.8500 0.0000 0.0000 0.0000 1.0000 1.0000 1.0000
99 3.4000 4.7500 2.8500 0.0000 0.0000 0.0000 1.0000 1.0000 1.0000
99 6.4000 4.7500 3.3500 0.0000 0.0000 0.0000 1.0000 1.0000 1.0000
99 5.9000 4.7500 3.3500 0.0000 0.0000 0.0000 1.0000 1.0000 1.0000
99 5.4000 4.7500 3.3500 0.0000 0.0000 0.0000 1.0000 1.0000 1.0000
99 4.9000 4.7500 3.3500 0.0000 0.0000 0.0000 1.0000 1.0000 1.0000
99 4.4000 4.7500 3.3500 0.0000 0.0000 0.0000 1.0000 1.0000 1.0000
99 3.9000 4.7500 3.3500 0.0000 0.0000 0.0000 1.0000 1.0000 1.0000
99 3.4000 4.7500 3.3500 0.0000 0.0000 0.0000 1.0000 1.0000 1.0000
99 2.9000 5.2500 3.3500 0.0000 0.0000 0.0000 1.0000 1.0000 1.0000
99 2.9000 5.2500 2.8500 0.0000 0.0000 0.0000 1.0000 1.0000 1.0000
99 2.4000 5.7500 3.3500 0.0000 0.0000 0.0000 1.0000 1.0000 1.0000
99 1.9000 6.2500 3.3500 0.0000 0.0000 0.0000 1.0000 1.0000 1.0000
99 1.4000 6.2500 3.3500 0.0000 0.0000 0.0000 1.0000 1.0000 1.0000
99 2.4000 5.7500 2.8500 0.0000 0.0000 0.0000 1.0000 1.0000 1.0000
99 1.9000 6.2500 2.8500 0.0000 0.0000 0.0000 1.0000 1.0000 1.0000
99 1.4000 6.2500 2.8500 0.0000 0.0000 0.0000 1.0000 1.0000 1.0000
99 1.9000 6.2500 2.3500 0.0000 0.0000 0.0000 1.0000 1.0000 1.0000
99 1.4000 6.2500 2.3500 0.0000 0.0000 0.0000 1.0000 1.0000 1.0000
99 0.9000 6.2500 2.3500 0.0000 0.0000 0.0000 1.0000 1.0000 1.0000
99 0.9000 6.2500 2.8500 0.0000 0.0000 0.0000 1.0000 1.0000 1.0000
99 0.9000 6.2500 3.3500 0.0000 0.0000 0.0000 1.0000 1.0000 1.0000
99 0.9000 6.2500 3.8500 0.0000 0.0000 0.0000 1.0000 1.0000 1.0000
99 1.4000 6.2500 3.8500 0.0000 0.0000 0.0000 1.0000 1.0000 1.0000
99 1.9000 6.2500 3.8500 0.0000 0.0000 0.0000 1.0000 1.0000 1.0000
99 0.4000 6.2500 3.8500 0.0000 0.0000 0.0000 1.0000 1.0000 1.0000
99 0.4000 6.2500 3.3500 0.0000 0.0000 0.0000 1.0000 1.0000 1.0000
99 0.4000 6.2500 2.8500 0.0000 0.0000 0.0000 1.0000 1.0000 1.0000
99 0.4000 6.2500 2.3500 0.0000 0.0000 0.0000 1.0000 1.0000 1.0000
